let linien = [
[570, 467, 662, 442],
[574, 473, 668, 450],
[578, 480, 675, 459],
[583, 486, 675, 469],
[587, 492, 674, 479],
[591, 498, 675, 489],
[595, 505, 676, 499],
[595, 512, 676, 509],
[592, 519, 675, 519],
[590, 525, 673, 529],
[589, 533, 674, 539],
[586, 539, 669, 549],
[584, 545, 667, 559],
[581, 552, 665, 569],
[579, 558, 659, 579],
[577, 563, 652, 590],
[571, 565, 642, 599],
[564, 569, 636, 609],
[544, 569, 619, 630]
];

let texte = [
[fly09, 572, 467],
[Mehnersmösen, 576, 473],
[F1r3sh0t, 580, 480],
[Genie?, 585, 486],
[Legu, 589, 492],
[Rokhzadinho, 593, 498],
[Saunaclubber, 597, 505],
[XOXO, 597, 512],
[Fabian09, 594, 519],
[Omnibus, 592, 525],
[notsure, 591, 533],
[Thilde, 588, 539],
[Schoofi, 586, 545],
[Wachtelei, 582, 552],
[Rebash, 581, 558],
[-P4L-, 579, 563],
[ - , 573, 565],
[ - , 566, 569]
];
